min_start_lat: 40.67280641227746
min_start_lng: -73.92989109999999
min_stop_lat: 40.646768
min_stop_lng: -73.92989109999999
max_start_lat: 40.78720869
max_start_lng: -74.01713445
max_stop_lat: 40.78720869
max_stop_lng: -74.08363940000001
max_timestamp: 1463
height: 11
width: 21
#bike_volume_max: 525
bike_volume_max: 465
bike_flow_max: 49
#taxi_volume_max: 2272
taxi_volume_max: 1929
taxi_flow_max: 166
threshold: 10